Cpptraj Generated trajectory                                                    
  60.010  50.940  36.670  57.560  47.590  32.550  58.110  48.030  31.330  58.860
  49.220  31.320  58.930  49.990  32.480  57.660  48.400  33.690  58.310  49.570
  33.640  58.450  50.450  34.840  59.740  50.070  35.500  59.540  51.190  32.390
  61.020  50.710  37.080  59.290  50.790  37.500  60.020  52.030  36.470  57.040
  46.660  32.720  58.110  47.470  30.410  59.360  49.540  30.420  57.390  48.190
  34.720  57.640  50.250  35.570  58.260  51.510  34.550  60.550  50.230  34.750
  59.840  49.000  35.770  59.370  51.580  33.260
  60.129  50.937  35.558  57.092  47.392  32.813  57.602  47.901  31.582  58.188
  49.183  31.510  58.384  49.916  32.709  57.099  48.185  33.951  57.775  49.427
  33.899  57.671  50.379  35.047  58.840  50.305  36.058  59.081  51.168  32.656
  60.036  51.946  35.096  60.641  50.337  34.770  60.868  51.111  36.388  56.545
  46.470  32.705  57.664  47.279  30.714  58.457  49.611  30.559  56.629  47.945
  34.892  56.731  50.287  35.636  57.558  51.428  34.715  58.983  49.236  36.321
  58.438  50.795  36.977  59.149  51.380  33.586
  60.225  50.124  35.122  57.172  47.192  32.538  57.760  47.591  31.317  58.247
  48.922  31.215  58.195  49.774  32.323  57.110  48.104  33.647  57.637  49.395
  33.574  57.605  50.227  34.802  58.846  49.862  35.723  58.712  50.995  32.021
  60.323  51.123  34.650  60.517  49.403  34.323  60.926  50.087  35.982  56.934
  46.152  32.650  57.882  46.820  30.569  58.526  49.291  30.234  56.761  47.795
  34.627  56.605  50.206  35.293  57.792  51.207  34.331  58.739  48.792  35.995
  58.685  50.483  36.632  58.381  51.625  32.680
  60.206  50.913  35.565  57.048  47.269  33.241  57.767  47.489  32.070  58.333
  48.740  31.748  58.260  49.752  32.737  57.104  48.281  34.259  57.680  49.522
  34.017  57.587  50.653  34.955  58.717  50.508  35.966  58.806  50.973  32.325
  60.233  51.912  35.063  60.678  50.193  34.876  60.816  50.946  36.495  56.681
  46.308  33.592  57.880  46.619  31.442  58.853  48.801  30.808  56.785  47.911
  35.229  56.577  50.671  35.405  57.644  51.613  34.404  58.790  49.479  36.357
  58.416  50.979  36.925  58.724  51.634  33.014
  60.440  50.086  35.525  57.302  47.185  32.603  57.841  47.523  31.402  58.620
  48.684  31.229  58.689  49.656  32.227  57.241  48.247  33.540  57.950  49.468
  33.377  57.999  50.401  34.565  58.960  49.934  35.696  59.447  50.847  31.994
  60.628  51.146  35.243  60.670  49.484  34.616  61.070  49.799  36.396  56.663
  46.335  32.795  57.852  46.832  30.573  58.999  48.752  30.219  56.752  48.089
  34.501  57.029  50.311  35.086  58.327  51.430  34.283  58.811  48.845  35.899
  58.600  50.366  36.665  59.527  51.289  32.833
  60.372  50.207  35.672  57.287  47.248  33.345  57.817  47.458  32.075  58.315
  48.739  31.704  58.343  49.700  32.753  57.276  48.239  34.314  57.873  49.500
  33.993  57.901  50.541  35.102  58.952  50.294  36.152  59.261  50.791  32.442
  60.740  51.227  35.431  60.443  49.606  34.733  61.182  50.009  36.412  56.889
  46.268  33.576  57.798  46.667  31.346  58.704  48.988  30.724  56.926  48.110
  35.324  56.931  50.600  35.642  58.139  51.511  34.611  58.704  49.314  36.613
  58.961  50.985  37.042  59.290  51.462  33.141
  60.236  50.266  36.223  57.170  47.276  33.150  57.889  47.564  31.949  58.640
  48.742  31.757  58.632  49.694  32.806  57.302  48.077  34.209  57.983  49.286
  34.097  57.906  50.308  35.256  58.746  49.928  36.455  59.263  50.983  32.414
  60.238  51.356  36.002  60.745  49.594  35.494  60.747  50.066  37.193  56.439
  46.487  33.042  57.737  46.883  31.110  59.089  48.931  30.786  56.723  47.919
  35.110  56.896  50.349  35.697  58.176  51.287  34.804  58.595  48.889  36.827
  58.378  50.579  37.275  59.345  51.543  33.203
  60.129  50.329  35.712  57.265  46.847  33.101  57.754  47.265  31.900  58.341
  48.557  31.857  58.209  49.459  32.895  57.064  47.749  34.159  57.641  49.030
  34.106  57.540  49.873  35.364  58.810  49.798  36.244  58.716  50.779  32.701
  60.006  51.429  35.579  60.369  49.978  34.683  61.009  50.153  36.342  56.948
  45.837  33.254  57.785  46.603  31.052  58.900  48.886  30.996  56.595  47.440
  35.080  56.741  49.462  36.025  57.297  50.942  35.152  59.003  48.739  36.516
  58.599  50.349  37.173  58.425  51.310  33.440
  60.503  49.569  35.134  56.613  46.839  32.520  57.256  47.177  31.341  58.114
  48.278  31.340  58.311  49.111  32.449  56.689  47.681  33.728  57.608  48.792
  33.688  57.794  49.655  34.917  59.112  49.358  35.701  59.139  50.251  32.339
  60.832  50.629  35.192  60.496  49.167  34.094  61.243  48.921  35.657  55.964
  45.988  32.670  57.119  46.705  30.381  58.606  48.637  30.451  56.147  47.442
  34.627  56.902  49.625  35.565  57.903  50.705  34.585  58.853  48.298  35.922
  59.129  49.900  36.660  59.307  50.613  33.208
  60.385  49.476  35.341  56.545  47.184  32.696  57.157  47.613  31.527  57.975
  48.745  31.557  58.261  49.357  32.746  56.771  47.847  33.886  57.639  48.969
  33.945  57.815  49.771  35.204  58.994  49.235  35.988  58.989  50.548  32.515
  60.524  50.516  35.019  60.588  48.925  34.382  61.184  49.169  36.033  55.847
  46.363  32.696  56.950  47.151  30.577  58.236  49.173  30.606  56.200  47.537
  34.755  56.913  49.691  35.852  57.914  50.811  34.823  58.826  48.135  36.040
  59.001  49.767  36.957  58.827  51.150  33.244
  59.999  50.323  35.424  57.194  47.332  32.831  57.894  47.710  31.660  58.472
  48.971  31.557  58.420  49.944  32.644  56.972  48.324  33.858  57.550  49.575
  33.765  57.509  50.388  35.023  58.589  49.992  36.064  58.988  51.144  32.532
  60.067  51.372  35.071  60.150  49.691  34.516  60.759  50.086  36.215  56.916
  46.312  33.053  57.955  47.058  30.812  58.892  49.379  30.646  56.332  48.125
  34.698  56.509  50.268  35.503  57.597  51.468  34.770  58.451  48.943  36.357
  58.448  50.654  36.943  58.847  51.646  33.330
