Cpptraj Generated trajectory                                                    
  57.560  47.590  32.550  58.110  48.030  31.330  58.860  49.220  31.320  58.930
  49.990  32.480  57.660  48.400  33.690  58.310  49.570  33.640  59.540  51.190
  32.390  57.050  46.610  32.610  57.960  47.460  30.400  59.380  49.540  30.410
  57.200  48.070  34.630  58.350  50.210  34.540  59.610  51.770  33.190
  57.118  47.393  32.783  57.647  47.893  31.555  58.239  49.169  31.486  58.432
  49.906  32.679  57.131  48.186  33.921  57.814  49.414  33.873  59.144  51.145
  32.633  56.698  46.374  32.831  57.588  47.268  30.644  58.548  49.591  30.516
  56.620  47.860  34.836  57.873  50.018  34.794  59.280  51.665  33.463
  57.220  47.247  32.375  57.831  47.639  31.151  58.323  48.968  31.058  58.267
  49.818  32.172  57.162  48.157  33.484  57.696  49.446  33.417  58.794  51.043
  31.880  56.786  46.240  32.472  57.920  46.941  30.308  58.744  49.333  30.112
  56.680  47.831  34.422  57.677  50.135  34.280  58.825  51.746  32.573
  57.160  47.323  33.046  57.903  47.534  31.891  58.503  48.769  31.586  58.432
  49.784  32.574  57.209  48.331  34.061  57.820  49.555  33.845  59.009  50.992
  32.175  56.553  46.413  33.171  58.034  46.703  31.188  59.009  48.941  30.622
  56.753  48.126  35.040  57.830  50.322  34.629  59.016  51.770  32.789
  57.343  47.125  32.590  57.905  47.447  31.389  58.707  48.597  31.217  58.780
  49.568  32.212  57.297  48.192  33.521  58.021  49.393  33.359  59.561  50.747
  31.984  56.958  46.124  32.814  57.727  46.793  30.527  59.282  48.725  30.290
  56.661  48.081  34.412  57.980  50.180  34.127  59.616  51.449  32.685
  57.367  47.178  33.328  57.923  47.380  32.068  58.445  48.652  31.698  58.470
  49.613  32.741  57.361  48.173  34.296  57.975  49.430  33.982  59.405  50.695
  32.441  56.917  46.197  33.560  57.958  46.547  31.348  58.801  48.869  30.679
  56.896  47.999  35.274  58.040  50.231  34.735  59.523  51.438  33.082
  57.230  47.209  33.151  57.967  47.487  31.952  58.724  48.668  31.763  58.710
  49.621  32.802  57.359  48.024  34.211  58.051  49.221  34.089  59.350  50.903
  32.413  56.566  46.334  33.199  57.943  46.748  31.140  59.303  48.838  30.840
  56.916  47.745  35.179  58.115  49.898  34.960  59.402  51.644  33.061
  57.319  46.794  33.054  57.834  47.198  31.853  58.445  48.482  31.819  58.306
  49.385  32.852  57.120  47.703  34.099  57.718  48.971  34.053  58.843  50.694
  32.661  57.052  45.733  33.199  57.781  46.563  30.959  59.049  48.760  30.940
  56.495  47.421  34.957  57.724  49.623  34.940  58.765  51.374  33.383
  56.715  46.800  32.471  57.378  47.125  31.299  58.253  48.215  31.308  58.437
  49.045  32.418  56.781  47.644  33.674  57.716  48.746  33.644  59.283  50.176
  32.312  56.114  45.876  32.500  57.224  46.537  30.381  58.821  48.435  30.392
  56.154  47.445  34.553  57.882  49.357  34.546  59.416  50.770  33.089
  56.665  47.170  32.522  57.297  47.601  31.354  58.111  48.731  31.399  58.383
  49.342  32.594  56.882  47.828  33.716  57.746  48.947  33.790  59.121  50.527
  32.373  55.991  46.298  32.492  57.155  47.056  30.410  58.541  49.136  30.468
  56.378  47.478  34.626  57.907  49.489  34.734  59.393  51.084  33.138
  57.283  47.329  32.677  58.002  47.716  31.511  58.572  48.978  31.418  58.512
  49.946  32.504  57.047  48.325  33.699  57.625  49.574  33.614  59.077  51.149
  32.398  56.915  46.300  32.797  58.109  47.010  30.676  59.094  49.262  30.488
  56.399  48.079  34.550  57.421  50.309  34.400  59.025  51.786  33.150
